JUEGAN LAS AMARILLAS
 0  0  0  0  0  0 
 0  0  0  0  0  0
 0  0  1 -1  0  0
 0  0 -1  1  0  0
 0  0  0  0  0  0
 0  0  0  0  0  0
[16, 26, 9, 19]
JUEGAN LAS AZULES
 0  0  0  0  0  0 
 0  0  0  1  0  0
 0  0  1  1  0  0
 0  0 -1  1  0  0
 0  0  0  0  0  0
 0  0  0  0  0  0
[10, 8, 22]
JUEGAN LAS AMARILLAS
 0  0  0  0  0  0 
 0  0 -1  1  0  0
 0  0 -1  1  0  0
 0  0 -1  1  0  0
 0  0  0  0  0  0
 0  0  0  0  0  0
[19, 7, 1, 25, 13]
JUEGAN LAS AZULES
 0  1  0  0  0  0 
 0  0  1  1  0  0
 0  0 -1  1  0  0
 0  0 -1  1  0  0
 0  0  0  0  0  0
 0  0  0  0  0  0
[4, 2, 16, 28, 10, 22]
JUEGAN LAS AMARILLAS
 0  1 -1  0  0  0 
 0  0 -1  1  0  0
 0  0 -1  1  0  0
 0  0 -1  1  0  0
 0  0  0  0  0  0
 0  0  0  0  0  0
[3, 19, 7, 25, 13]
JUEGAN LAS AZULES
 0  1  1  1  0  0 
 0  0 -1  1  0  0
 0  0 -1  1  0  0
 0  0 -1  1  0  0
 0  0  0  0  0  0
 0  0  0  0  0  0
[10, 22, 4, 16, 28]
JUEGAN LAS AMARILLAS
 0  1  1  1 -1  0 
 0  0 -1 -1  0  0
 0  0 -1  1  0  0
 0  0 -1  1  0  0
 0  0  0  0  0  0
 0  0  0  0  0  0
[16, 26, 13, 5, 25, 7, 19]
JUEGAN LAS AZULES
 0  1  1  1  1  1 
 0  0 -1 -1  0  0
 0  0 -1  1  0  0
 0  0 -1  1  0  0
 0  0  0  0  0  0
 0  0  0  0  0  0
[22, 27, 16, 28, 10]
JUEGAN LAS AMARILLAS
 0  1  1  1  1  1 
 0  0 -1 -1  0  0
 0  0 -1 -1  0  0
 0  0 -1 -1 -1  0
 0  0  0  0  0  0
 0  0  0  0  0  0
[29, 16, 26, 27, 13, 19]
JUEGAN LAS AZULES
 0  1  1  1  1  1 
 0  0 -1  1  0  0
 0  0 -1  1  0  0
 0  0 -1  1 -1  0
 0  0  0  1  0  0
 0  0  0  0  0  0
[10, 16, 28, 34, 32]
JUEGAN LAS AMARILLAS
 0  1  1  1  1  1 
 0  0 -1  1  0  0
 0  0 -1  1  0  0
 0  0 -1  1 -1  0
 0  0  0 -1  0  0
 0  0 -1  0  0  0
[26, 13, 19, 7, 25, 29, 23, 33]
JUEGAN LAS AZULES
 0  1  1  1  1  1 
 0  0 -1  1  0  0
 0  0 -1  1  0  0
 0  0 -1  1 -1  0
 0  0  0  1  0  0
 0  0 -1  1  0  0
[10, 16, 28, 34]
JUEGAN LAS AMARILLAS
 0  1  1  1  1  1 
 0  0 -1  1  0  0
 0  0 -1  1  0  0
 0  0 -1  1 -1  0
 0  0  0 -1  0  0
 0  0 -1 -1 -1  0
[26, 13, 19, 7, 25, 29, 23]
JUEGAN LAS AZULES
 0  1  1  1  1  1 
 0  0 -1  1  0  0
 0  0 -1  1  0  0
 0  0 -1  1  1  1
 0  0  0 -1  0  0
 0  0 -1 -1 -1  0
[10, 29, 16, 28, 24, 17]
JUEGAN LAS AMARILLAS
 0  1  1  1  1  1 
 0  0 -1  1  0  0
 0  0 -1  1  0 -1
 0  0 -1  1 -1  1
 0  0  0 -1  0  0
 0  0 -1 -1 -1  0
[26, 13, 19, 7, 25, 29, 11]
JUEGAN LAS AZULES
 0  1  1  1  1  1 
 0  0 -1  1  0  1
 0  0 -1  1  0  1
 0  0 -1  1 -1  1
 0  0  0 -1  0  0
 0  0 -1 -1 -1  0
[10, 16, 28, 12, 24]
JUEGAN LAS AMARILLAS
 0  1  1  1  1  1 
 0  0 -1  1  0  1
 0  0 -1  1  0  1
 0  0 -1 -1 -1  1
 0  0  0 -1 -1  0
 0  0 -1 -1 -1  0
[26, 13, 19, 7, 25, 29]
JUEGAN LAS AZULES
 0  1  1  1  1  1 
 0  0 -1  1  0  1
 0  0  1  1  0  1
 0  1  1  1  1  1
 0  0  0 -1 -1  0
 0  0 -1 -1 -1  0
[10, 26, 29, 12, 13, 18, 16, 7]
JUEGAN LAS AMARILLAS
 0  1  1  1  1  1 
 0  0 -1  1  0  1
 0 -1  1  1  0  1
 0  1 -1  1  1  1
 0  0  0 -1 -1  0
 0  0 -1 -1 -1  0
[18, 7, 26, 12, 25]
JUEGAN LAS AZULES
 0  1  1  1  1  1 
 0  0 -1  1  0  1
 1  1  1  1  0  1
 0  1 -1  1  1  1
 0  0  0 -1 -1  0
 0  0 -1 -1 -1  0
[10, 18, 29, 6, 24, 7, 16]
JUEGAN LAS AMARILLAS
 0  1  1  1  1  1 
-1  0 -1  1  0  1
 1 -1  1  1  0  1
 0  1 -1  1  1  1
 0  0  0 -1 -1  0
 0  0 -1 -1 -1  0
[18, 7, 0, 26, 25]
JUEGAN LAS AZULES
 1  1  1  1  1  1 
 1  0 -1  1  0  1
 1 -1  1  1  0  1
 0  1 -1  1  1  1
 0  0  0 -1 -1  0
 0  0 -1 -1 -1  0
[10, 29, 16, 25, 24, 18, 7]
JUEGAN LAS AMARILLAS
 1  1  1  1  1  1 
-1  0 -1 -1  0 -1
 1 -1 -1 -1 -1  1
 0  1 -1  1 -1  1
 0  0  0 -1 -1  0
 0  0 -1 -1 -1  0
[29, 26, 18, 7]
PS D:\UNAB\F. I.A> 