JUEGAN LAS AMARILLAS
 0  0  0  0  0  0
 0  0  0  0  0  0
 0  0  1 -1  0  0
 0  0 -1  1  0  0
 0  0  0  0  0  0
 0  0  0  0  0  0
[16, 26, 9, 19]
JUEGAN LAS AZULES
 0  0  0  0  0  0
 0  0  0  1  0  0
 0  0  1  1  0  0
 0  0 -1  1  0  0
 0  0  0  0  0  0
 0  0  0  0  0  0
[10, 8, 22]
JUEGAN LAS AMARILLAS
 0  0  0  0  0  0 
 0  0 -1  1  0  0
 0  0 -1  1  0  0
 0  0 -1  1  0  0
 0  0  0  0  0  0
 0  0  0  0  0  0
[19, 7, 1, 25, 13]
JUEGAN LAS AZULES
 0  1  0  0  0  0
 0  0  1  1  0  0
 0  0 -1  1  0  0
 0  0 -1  1  0  0
 0  0  0  0  0  0
 0  0  0  0  0  0
[4, 2, 16, 28, 10, 22]
JUEGAN LAS AMARILLAS
 0  1 -1  0  0  0
 0  0 -1  1  0  0
 0  0 -1  1  0  0
 0  0 -1  1  0  0
 0  0  0  0  0  0
 0  0  0  0  0  0
[3, 19, 7, 25, 13]
JUEGAN LAS AZULES
 0  1  1  1  0  0
 0  0 -1  1  0  0 
 0  0 -1  1  0  0
 0  0 -1  1  0  0
 0  0  0  0  0  0
 0  0  0  0  0  0
[10, 22, 4, 16, 28]
JUGADA INVALIDA N
[10, 22, 4, 16, 28]
JUEGAN LAS AMARILLAS
 0  1  1  1  0  0
 0  0 -1  1  0  0 
 0  0 -1 -1  0  0
 0  0 -1 -1 -1  0
 0  0  0  0  0  0
 0  0  0  0  0  0
[29, 26, 13, 19, 27, 7]
JUEGAN LAS AZULES
 0  1  1  1  0  0
 0  0 -1  1  0  0
 0  0 -1  1  0  0
 0  0 -1  1 -1  0
 0  0  0  1  0  0
 0  0  0  0  0  0
[10, 4, 16, 28, 34, 32]
JUEGAN LAS AMARILLAS
 0  1  1  1  0  0
 0  0 -1  1  0  0 
 0  0 -1  1  0  0
 0  0 -1  1 -1  0
 0  0  0 -1  0  0
 0  0 -1  0  0  0
[26, 13, 19, 7, 25, 29, 23, 33]
JUEGAN LAS AZULES
 0  1  1  1  0  0
 0  0 -1  1  0  0 
 0  0 -1  1  0  0
 0  0 -1  1  1  1
 0  0  0 -1  0  0
 0  0 -1  0  0  0
[10, 29, 4, 16, 28, 24, 17]
JUEGAN LAS AMARILLAS
 0  1  1  1  0  0
 0  0 -1  1  0  0
 0  0 -1  1  0  0
 0  0 -1 -1  1  1
 0  0  0 -1 -1  0
 0  0 -1  0  0  0
[26, 13, 19, 7, 25, 33, 34]
JUEGAN LAS AZULES
 0  1  1  1  0  0 
 0  0  1  1  0  0
 0  0  1  1  0  0
 0  0  1 -1  1  1
 0  0  1 -1 -1  0
 0  0 -1  0  0  0
[7, 24, 31, 19, 17, 13, 25, 18, 16]
JUEGAN LAS AMARILLAS
 0  1  1  1  0  0
 0  0  1  1  0  0
 0 -1  1  1  0  0
 0  0 -1 -1  1  1
 0  0  1 -1 -1  0
 0  0 -1  0  0  0
[18, 35, 12, 25, 33, 34, 19, 16, 29]
JUEGAN LAS AZULES
 0  1  1  1  0  0
 0  0  1  1  0  0
 1  1  1  1  0  0
 0  0 -1 -1  1  1
 0  0  1 -1 -1  0
 0  0 -1  0  0  0
[10, 6, 7, 24, 31, 17, 25, 18, 16]
JUEGAN LAS AMARILLAS
 0  1  1  1  0  0
 0  0  1  1  0  0
 1  1  1  1 -1  0
 0  0 -1 -1 -1  1
 0  0  1 -1 -1  0
 0  0 -1  0  0  0
[34, 35, 17, 25, 33, 29, 19, 11]
JUEGAN LAS AZULES
 0  1  1  1  0  0
 0  0  1  1  0  0
 1  1  1  1  1  1
 0  0 -1 -1  1  1
 0  0  1 -1 -1  0
 0  0 -1  0  0  0
[10, 6, 11, 7, 24, 31, 25, 18]